b=0.02fm g=1.17
jtot   state  Re-energy      Im-energy          2*arg      arg
0        6    0.3383071E+01  -0.9842561E+00     16.2216    15.0000
1        1    0.4900657E+00  -0.5870764E-02      0.6863    15.0000
2        7    0.4345965E+01  -0.1391236E+01     17.7510    15.0000
3        4    0.2316719E+01  -0.2326375E-02      0.0575    15.0000
4        8    0.6597744E+01  -0.2106748E+01     17.7090    15.0000
5        7    0.5641492E+01  -0.1486448E+00      1.5093    15.0000
6        5    0.3715229E+01  -0.5081075E-03      0.0078    15.0000
        10    0.1086850E+02  -0.3441377E+01     17.5697    15.0000
7        9    0.1088754E+02  -0.5245952E+00      2.7586    15.0000
8        8    0.9872164E+01  -0.1044202E-01      0.0606    15.0000
        11    0.1738764E+02  -0.4042986E+01     13.0899    15.0000
9       10    0.1874734E+02  -0.8611030E+00      2.6299    15.0000
10      11    0.2638917E+02  -0.3614580E+01      7.7994    15.0000
  










